2301.00001
2301.00002
2301.00003
2301.00004
2301.00005
2301.00006
2301.00007
2301.00008
2301.00009
2301.00010
2301.00011
2301.00012
2301.00013
2301.00014
2301.00015
2301.00016
2301.00017
2301.00018
2301.00019
2301.00020
2301.00021
2301.00022
2301.00023
2301.00024
2301.00025
2301.00026
2301.00027
2301.00028
2301.00029
2301.00030
2301.00031
2301.00032
2301.00033
2301.00034
2301.00035
2301.00036
2301.00037
2301.00038
2301.00039
2301.00040
2301.00041
2301.00042
2301.00043
2301.00044
2301.00045
2301.00046
2301.00047
2301.00048
2301.00049
2301.00050
2301.00051
2301.00052
2301.00053
2301.00054
2301.00055
2301.00056
2301.00057
2301.00058
2301.00059
2301.00060
2301.00061
2301.00062
2301.00063
2301.00064
2301.00065
2301.00066
2301.00067
2301.00068
2301.00069
2301.00070
2301.00071
2301.00072
2301.00073
2301.00074
2301.00075
2301.00076
2301.00077
2301.00078
2301.00079
2301.00080
2301.00081
2301.00082
2301.00083
2301.00084
2301.00085
2301.00086
2301.00087
2301.00088
2301.00089
2301.00090
2301.00091
2301.00092
2301.00093
2301.00094
2301.00095
2301.00096
2301.00097
2301.00098
2301.00099
2301.00100
2301.00101
2301.00102
2301.00103
2301.00104
2301.00105
2301.00106
2301.00107
2301.00108
2301.00109
2301.00110
2301.00111
2301.00112
2301.00113
2301.00114
2301.00115
2301.00116
2301.00117
2301.00118
2301.00119
2301.00120
2301.00121
2301.00122
2301.00123
2301.00124
2301.00125
2301.00126
2301.00127
2301.00128
2301.00129
2301.00130
2301.00131
2301.00132
2301.00133
2301.00134
2301.00135
2301.00136
2301.00137
2301.00138
2301.00139
2301.00140
2301.00141
2301.00142
2301.00143
2301.00144
2301.00145
2301.00146
2301.00147
2301.00148
2301.00149
2301.00150
2301.00151
2301.00152
2301.00153
2301.00154
2301.00155
2301.00156
2301.00157
2301.00158
2301.00159
2301.00160
2301.00161
2301.00162
2301.00163
2301.00164
2301.00165
2301.00166
2301.00167
2301.00168
2301.00169
2301.00170
2301.00171
2301.00172
2301.00173
2301.00174
2301.00175
2301.00176
2301.00177
2301.00178
2301.00179
2301.00180
2301.00181
2301.00182
2301.00183
2301.00184
2301.00185
2301.00186
2301.00187
2301.00188
2301.00189
2301.00190
2301.00191
2301.00192
2301.00193
2301.00194
2301.00195
2301.00196
2301.00197
2301.00198
2301.00199
2301.00200
2301.00201
2301.00202
2301.00203
2301.00204
2301.00205
2301.00206
2301.00207
2301.00208
2301.00209
2301.00210
2301.00211
2301.00212
2301.00213
2301.00214
2301.00215
2301.00216
2301.00217
2301.00218
2301.00219
2301.00220
2301.00221
2301.00222
2301.00223
2301.00224
2301.00225
2301.00226
2301.00227
2301.00228
2301.00229
2301.00230
2301.00231
2301.00232
2301.00233
2301.00234
2301.00235
2301.00236
2301.00237
2301.00238
2301.00239
2301.00240
2301.00241
2301.00242
2301.00243
2301.00244
2301.00245
2301.00246
2301.00247
2301.00248
2301.00249
2301.00250
2301.00251
2301.00252
2301.00253
2301.00254
2301.00255
2301.00256
2301.00257
2301.00258
2301.00259
2301.00260
2301.00261
2301.00262
2301.00263
2301.00264
2301.00265
2301.00266
2301.00267
2301.00268
2301.00269
2301.00270
2301.00271
2301.00272
2301.00273
2301.00274
2301.00275
2301.00276
2301.00277
2301.00278
2301.00279
2301.00280
2301.00281
2301.00282
2301.00283
2301.00284
2301.00285
2301.00286
2301.00287
2301.00288
2301.00289
2301.00290
2301.00291
2301.00292
2301.00293
2301.00294
2301.00295
2301.00296
2301.00297
2301.00298
2301.00299
2301.00300
2301.00301
2301.00302
2301.00303
2301.00304
2301.00305
2301.00306
2301.00307
2301.00308
2301.00309
2301.00310
2301.00311
2301.00312
2301.00313
2301.00314
2301.00315
2301.00316
2301.00317
2301.00318
2301.00319
2301.00320
2301.00321
2301.00322
2301.00323
2301.00324
2301.00325
2301.00326
2301.00327
2301.00328
2301.00329
2301.00330
2301.00331
2301.00332
2301.00333
2301.00334
2301.00335
2301.00336
2301.00337
2301.00338
2301.00339
2301.00340
2301.00341
2301.00342
2301.00343
2301.00344
2301.00345
2301.00346
2301.00347
2301.00348
2301.00349
2301.00350
2301.00351
2301.00352
2301.00353
2301.00354
2301.00355
2301.00356
2301.00357
2301.00358
2301.00359
2301.00360
2301.00361
2301.00362
2301.00363
2301.00364
2301.00365
2301.00366
2301.00367
2301.00368
2301.00369
2301.00370
2301.00371
2301.00372
2301.00373
2301.00374
2301.00375
2301.00376
2301.00377
2301.00378
2301.00379
2301.00380
2301.00381
2301.00382
2301.00383
2301.00384
2301.00385
2301.00386
2301.00387
2301.00388
2301.00389
2301.00390
2301.00391
2301.00392
2301.00393
2301.00394
2301.00395
2301.00396
2301.00397
2301.00398
2301.00399
2301.00400
2301.00401
2301.00402
2301.00403
2301.00404
2301.00405
2301.00406
2301.00407
2301.00408
2301.00409
2301.00410
2301.00411
2301.00412
2301.00413
2301.00414
2301.00415
2301.00416
2301.00417
2301.00418
2301.00419
2301.00420
2301.00421
2301.00422
2301.00423
2301.00424
2301.00425
2301.00426
2301.00427
2301.00428
2301.00429
2301.00430
2301.00431
2301.00432
2301.00433
2301.00434
2301.00435
2301.00436
2301.00437
2301.00438
2301.00439
2301.00440
2301.00441
2301.00442
2301.00443
2301.00444
2301.00445
2301.00446
2301.00447
2301.00448
2301.00449
2301.00450
2301.00451
2301.00452
2301.00453
2301.00454
2301.00455
2301.00456
2301.00457
2301.00458
2301.00459
2301.00460
2301.00461
2301.00462
2301.00463
2301.00464
2301.00465
2301.00466
2301.00467
2301.00468
2301.00469
2301.00470
2301.00471
2301.00472
2301.00473
2301.00474
2301.00475
2301.00476
2301.00477
2301.00478
2301.00479
2301.00480
2301.00481
2301.00482
2301.00483
2301.00484
2301.00485
2301.00486
2301.00487
2301.00488
2301.00489
2301.00490
2301.00491
2301.00492
2301.00493
2301.00494
2301.00495
2301.00496
2301.00497
2301.00498
2301.00499
2301.00500
2301.00501
2301.00502
2301.00503
2301.00504
2301.00505
2301.00506
2301.00507
2301.00508
2301.00509
2301.00510
2301.00511
2301.00512
2301.00513
2301.00514
2301.00515
2301.00516
2301.00517
2301.00518
2301.00519
2301.00520
2301.00521
2301.00522
2301.00523
2301.00524
2301.00525
2301.00526
2301.00527
2301.00528
2301.00529
2301.00530
2301.00531
2301.00532
2301.00533
2301.00534
2301.00535
2301.00536
2301.00537
2301.00538
2301.00539
2301.00540
2301.00541
2301.00542
2301.00543
2301.00544
2301.00545
2301.00546
2301.00547
2301.00548
2301.00549
2301.00550
2301.00551
2301.00552
2301.00553
2301.00554
2301.00555
2301.00556
2301.00557
2301.00558
2301.00559
2301.00560
2301.00561
2301.00562
2301.00563
2301.00564
2301.00565
2301.00566
2301.00567
2301.00568
2301.00569
2301.00570
2301.00571
2301.00572
2301.00573
2301.00574
2301.00575
2301.00576
2301.00577
2301.00578
2301.00579
2301.00580
2301.00581
2301.00582
2301.00583
2301.00584
2301.00585
2301.00586
2301.00587
2301.00588
2301.00589
2301.00590
2301.00591
2301.00592
2301.00593
2301.00594
2301.00595
2301.00596
2301.00597
2301.00598
2301.00599
2301.00600
2301.00601
2301.00602
2301.00603
2301.00604
2301.00605
2301.00606
2301.00607
2301.00608
2301.00609
2301.00610
2301.00611
2301.00612
2301.00613
2301.00614
2301.00615
2301.00616
2301.00617
2301.00618
2301.00619
2301.00620
2301.00621
2301.00622
2301.00623
2301.00624
2301.00625
2301.00626
2301.00627
2301.00628
2301.00629
2301.00630
2301.00631
2301.00632
2301.00633
2301.00634
2301.00635
2301.00636
2301.00637
2301.00638
2301.00639
2301.00640
2301.00641
2301.00642
2301.00643
2301.00644
2301.00645
2301.00646
2301.00647
2301.00648
2301.00649
2301.00650
2301.00651
2301.00652
2301.00653
2301.00654
2301.00655
2301.00656
2301.00657
2301.00658
2301.00659
2301.00660
2301.00661
2301.00662
2301.00663
2301.00664
2301.00665
2301.00666
2301.00667
2301.00668
2301.00669
2301.00670
2301.00671
2301.00672
2301.00673
2301.00674
2301.00675
2301.00676
2301.00677
2301.00678
2301.00679
2301.00680
2301.00681
2301.00682
2301.00683
2301.00684
2301.00685
2301.00686
2301.00687
2301.00688
2301.00689
2301.00690
2301.00691
2301.00692
2301.00693
2301.00694
2301.00695
2301.00696
2301.00697
2301.00698
2301.00699
2301.00700
2301.00701
2301.00702
2301.00703
2301.00704
2301.00705
2301.00706
2301.00707
2301.00708
2301.00709
2301.00710
2301.00711
2301.00712
2301.00713
2301.00714
2301.00715
2301.00716
2301.00717
2301.00718
2301.00719
2301.00720
2301.00721
2301.00722
2301.00723
2301.00724
2301.00725
2301.00726
2301.00727
2301.00728
2301.00729
2301.00730
2301.00731
2301.00732
2301.00733
2301.00734
2301.00735
2301.00736
2301.00737
2301.00738
2301.00739
2301.00740
2301.00741
2301.00742
2301.00743
2301.00744
2301.00745
2301.00746
2301.00747
2301.00748
2301.00749
2301.00750
2301.00751
2301.00752
2301.00753
2301.00754
2301.00755
2301.00756
2301.00757
2301.00758
2301.00759
2301.00760
2301.00761
2301.00762
2301.00763
2301.00764
2301.00765
2301.00766
2301.00767
2301.00768
2301.00769
2301.00770
2301.00771
2301.00772
2301.00773
2301.00774
2301.00775
2301.00776
2301.00777
2301.00778
2301.00779
2301.00780
2301.00781
2301.00782
2301.00783
2301.00784
2301.00785
2301.00786
2301.00787
2301.00788
2301.00789
2301.00790
2301.00791
2301.00792
2301.00793
2301.00794
2301.00795
2301.00796
2301.00797
2301.00798
2301.00799
2301.00800
2301.00801
2301.00802
2301.00803
2301.00804
2301.00805
2301.00806
2301.00807
2301.00808
2301.00809
2301.00810
2301.00811
2301.00812
2301.00813
2301.00814
2301.00815
2301.00816
2301.00817
2301.00818
2301.00819
2301.00820
2301.00821
2301.00822
2301.00823
2301.00824
2301.00825
2301.00826
2301.00827
2301.00828
2301.00829
2301.00830
2301.00831
2301.00832
2301.00833
2301.00834
2301.00835
2301.00836
2301.00837
2301.00838
2301.00839
2301.00840
2301.00841
2301.00842
2301.00843
2301.00844
2301.00845
2301.00846
2301.00847
2301.00848
2301.00849
2301.00850
2301.00851
2301.00852
2301.00853
2301.00854
2301.00855
2301.00856
2301.00857
2301.00858
2301.00859
2301.00860
2301.00861
2301.00862
2301.00863
2301.00864
2301.00865
2301.00866
2301.00867
2301.00868
2301.00869
2301.00870
2301.00871
2301.00872
2301.00873
2301.00874
2301.00875
2301.00876
2301.00877
2301.00878
2301.00879
2301.00880
2301.00881
2301.00882
2301.00883
2301.00884
2301.00885
2301.00886
2301.00887
2301.00888
2301.00889
2301.00890
2301.00891
2301.00892
2301.00893
2301.00894
2301.00895
2301.00896
2301.00897
2301.00898
2301.00899
2301.00900
2301.00901
2301.00902
2301.00903
2301.00904
2301.00905
2301.00906
2301.00907
2301.00908
2301.00909
2301.00910
2301.00911
2301.00912
2301.00913
2301.00914
2301.00915
2301.00916
2301.00917
2301.00918
2301.00919
2301.00920
2301.00921
2301.00922
2301.00923
2301.00924
2301.00925
2301.00926
2301.00927
2301.00928
2301.00929
2301.00930
2301.00931
2301.00932
2301.00933
2301.00934
2301.00935
2301.00936
2301.00937
2301.00938
2301.00939
2301.00940
2301.00941
2301.00942
2301.00943
2301.00944
2301.00945
2301.00946
2301.00947
2301.00948
2301.00949
2301.00950
2301.00951
2301.00952
2301.00953
2301.00954
2301.00955
2301.00956
2301.00957
2301.00958
2301.00959
2301.00960
2301.00961
2301.00962
2301.00963
2301.00964
2301.00965
2301.00966
2301.00967
2301.00968
2301.00969
2301.00970
2301.00971
2301.00972
2301.00973
2301.00974
2301.00975
2301.00976
2301.00977
2301.00978
2301.00979
2301.00980
2301.00981
2301.00982
2301.00983
2301.00984
2301.00985
2301.00986
2301.00987
2301.00988
2301.00989
2301.00990
2301.00991
2301.00992
2301.00993
2301.00994
2301.00995
2301.00996
2301.00997
2301.00998
2301.00999
2301.01000
